100 50 500
100
6
4
-100 100 100
100 100 100
100 -100 100
-100 -100 100
4
100 100 100
100 100 -100
100 -100 -100
100 -100 100
4
100 100 100
-100 100 100
-100 100 -100
100 100 -100
4
100 -100 -100
-100 -100 -100
-100 -100 100
100 -100 100
4
-100 100 -100
-100 100 100
-100 -100 100
-100 -100 -100
4
100 100 -100
-100 100 -100
-100 -100 -100
100 -100 -100




200 -80 140 100


5
6 5
12 4
12 13
9 10
3 12







8
2 3
1 2
1 3
3 3
4 5
8 9
8 7
7 3







7
1 0
10 3
7 6
10 9
6 7
3 10
0 7







7
9 13
7 17
1 11
1 1
8 5
14 1
14 13


3
4
10 10
90 10
90 90
10 90
4
90 10
130 50
130 130
90 90
4
10 90
90 90
130 130
50 130



10 0
100 30
70 60
100 90
60 70
30 100
0 70






3
-200 -100
200 -200
200 100





6
100 100
100 -100
-100 -100
-10 0
-200 100
-100 200







